ultralytics.engine.results.Boxes object with attributes:

cls: tensor([ 2.,  0.,  0.,  0.,  5.,  0.,  0.,  2., 24.,  0.,  0.,  2., 26.,  9.,  9.,  0.,  0., 24.,  0.,  0., 26.])
conf: tensor([0.8566, 0.8508, 0.8473, 0.8464, 0.8342, 0.8302, 0.8201, 0.8140, 0.7403, 0.7392, 0.7110, 0.6911, 0.6491, 0.6421, 0.5577, 0.4645, 0.3442, 0.3236, 0.3222, 0.3202, 0.3182])
data: tensor([[9.3603e+02, 3.3197e+02, 1.1128e+03, 4.3451e+02, 8.5659e-01, 2.0000e+00],
        [5.7609e+02, 3.1859e+02, 7.2751e+02, 7.5209e+02, 8.5082e-01, 0.0000e+00],
        [5.5462e+01, 3.4129e+02, 1.3493e+02, 5.8469e+02, 8.4733e-01, 0.0000e+00],
        [3.4073e+02, 3.1382e+02, 4.8815e+02, 7.0736e+02, 8.4644e-01, 0.0000e+00],
        [7.2602e+02, 2.8135e+02, 8.8294e+02, 3.9031e+02, 8.3425e-01, 5.0000e+00],
        [7.2408e+02, 3.2420e+02, 8.2292e+02, 5.7602e+02, 8.3015e-01, 0.0000e+00],
        [1.4986e+02, 3.3307e+02, 2.7430e+02, 6.4163e+02, 8.2007e-01, 0.0000e+00],
        [1.1982e+03, 3.4484e+02, 1.2793e+03, 4.1798e+02, 8.1402e-01, 2.0000e+00],
        [5.2505e+02, 3.5238e+02, 5.7735e+02, 4.2986e+02, 7.4028e-01, 2.4000e+01],
        [5.0318e+02, 2.9789e+02, 6.0909e+02, 5.7153e+02, 7.3919e-01, 0.0000e+00],
        [2.3936e+02, 3.2707e+02, 3.0714e+02, 5.2912e+02, 7.1096e-01, 0.0000e+00],
        [8.7969e+02, 3.3428e+02, 9.6088e+02, 3.9224e+02, 6.9110e-01, 2.0000e+00],
        [5.7086e+02, 4.0980e+02, 6.5527e+02, 6.2271e+02, 6.4913e-01, 2.6000e+01],
        [4.9018e+02, 2.2643e+02, 5.1029e+02, 2.8544e+02, 6.4209e-01, 9.0000e+00],
        [4.5070e+02, 2.3036e+02, 4.7690e+02, 2.8850e+02, 5.5766e-01, 9.0000e+00],
        [3.1846e+02, 3.2049e+02, 3.7647e+02, 5.3516e+02, 4.6451e-01, 0.0000e+00],
        [4.3157e+02, 2.9823e+02, 5.1413e+02, 5.7537e+02, 3.4415e-01, 0.0000e+00],
        [3.5116e+02, 3.8774e+02, 4.2891e+02, 5.1403e+02, 3.2357e-01, 2.4000e+01],
        [4.3221e+02, 2.9911e+02, 5.1184e+02, 4.7377e+02, 3.2223e-01, 0.0000e+00],
        [3.2003e+02, 3.2023e+02, 3.7775e+02, 4.5741e+02, 3.2025e-01, 0.0000e+00],
        [5.6905e+02, 4.8991e+02, 6.5600e+02, 6.2132e+02, 3.1819e-01, 2.6000e+01]])
id: None
is_track: False
orig_shape: (857, 1280)
shape: torch.Size([21, 6])
xywh: tensor([[1024.4170,  383.2376,  176.7813,  102.5425],
        [ 651.7998,  535.3408,  151.4287,  433.5081],
        [  95.1947,  462.9920,   79.4657,  243.3979],
        [ 414.4385,  510.5903,  147.4224,  393.5339],
        [ 804.4821,  335.8292,  156.9233,  108.9525],
        [ 773.4999,  450.1076,   98.8352,  251.8153],
        [ 212.0804,  487.3514,  124.4333,  308.5581],
        [1238.7561,  381.4077,   81.1011,   73.1427],
        [ 551.2006,  391.1210,   52.3080,   77.4758],
        [ 556.1343,  434.7080,  105.9106,  273.6373],
        [ 273.2526,  428.0975,   67.7767,  202.0514],
        [ 920.2885,  363.2581,   81.1914,   57.9597],
        [ 613.0625,  516.2537,   84.4141,  212.9064],
        [ 500.2356,  255.9366,   20.1099,   59.0153],
        [ 463.7982,  259.4333,   26.1938,   58.1410],
        [ 347.4669,  427.8244,   58.0156,  214.6770],
        [ 472.8460,  436.7988,   82.5597,  277.1445],
        [ 390.0342,  450.8827,   77.7444,  126.2906],
        [ 472.0248,  386.4388,   79.6293,  174.6597],
        [ 348.8881,  388.8239,   57.7255,  137.1816],
        [ 612.5237,  555.6145,   86.9463,  131.4152]])
xywhn: tensor([[0.8003, 0.4472, 0.1381, 0.1197],
        [0.5092, 0.6247, 0.1183, 0.5058],
        [0.0744, 0.5402, 0.0621, 0.2840],
        [0.3238, 0.5958, 0.1152, 0.4592],
        [0.6285, 0.3919, 0.1226, 0.1271],
        [0.6043, 0.5252, 0.0772, 0.2938],
        [0.1657, 0.5687, 0.0972, 0.3600],
        [0.9678, 0.4450, 0.0634, 0.0853],
        [0.4306, 0.4564, 0.0409, 0.0904],
        [0.4345, 0.5072, 0.0827, 0.3193],
        [0.2135, 0.4995, 0.0530, 0.2358],
        [0.7190, 0.4239, 0.0634, 0.0676],
        [0.4790, 0.6024, 0.0659, 0.2484],
        [0.3908, 0.2986, 0.0157, 0.0689],
        [0.3623, 0.3027, 0.0205, 0.0678],
        [0.2715, 0.4992, 0.0453, 0.2505],
        [0.3694, 0.5097, 0.0645, 0.3234],
        [0.3047, 0.5261, 0.0607, 0.1474],
        [0.3688, 0.4509, 0.0622, 0.2038],
        [0.2726, 0.4537, 0.0451, 0.1601],
        [0.4785, 0.6483, 0.0679, 0.1533]])
xyxy: tensor([[ 936.0263,  331.9664, 1112.8076,  434.5089],
        [ 576.0854,  318.5867,  727.5142,  752.0948],
        [  55.4619,  341.2930,  134.9276,  584.6909],
        [ 340.7273,  313.8234,  488.1497,  707.3573],
        [ 726.0204,  281.3529,  882.9437,  390.3054],
        [ 724.0823,  324.2000,  822.9175,  576.0153],
        [ 149.8637,  333.0723,  274.2971,  641.6304],
        [1198.2056,  344.8364, 1279.3066,  417.9791],
        [ 525.0466,  352.3831,  577.3546,  429.8589],
        [ 503.1790,  297.8894,  609.0896,  571.5267],
        [ 239.3643,  327.0718,  307.1409,  529.1232],
        [ 879.6927,  334.2783,  960.8842,  392.2379],
        [ 570.8555,  409.8005,  655.2695,  622.7069],
        [ 490.1806,  226.4289,  510.2905,  285.4442],
        [ 450.7012,  230.3628,  476.8951,  288.5038],
        [ 318.4590,  320.4859,  376.4747,  535.1629],
        [ 431.5662,  298.2266,  514.1259,  575.3710],
        [ 351.1620,  387.7374,  428.9064,  514.0280],
        [ 432.2101,  299.1089,  511.8394,  473.7687],
        [ 320.0253,  320.2331,  377.7508,  457.4147],
        [ 569.0505,  489.9069,  655.9968,  621.3221]])
xyxyn: tensor([[0.7313, 0.3874, 0.8694, 0.5070],
        [0.4501, 0.3717, 0.5684, 0.8776],
        [0.0433, 0.3982, 0.1054, 0.6823],
        [0.2662, 0.3662, 0.3814, 0.8254],
        [0.5672, 0.3283, 0.6898, 0.4554],
        [0.5657, 0.3783, 0.6429, 0.6721],
        [0.1171, 0.3886, 0.2143, 0.7487],
        [0.9361, 0.4024, 0.9995, 0.4877],
        [0.4102, 0.4112, 0.4511, 0.5016],
        [0.3931, 0.3476, 0.4759, 0.6669],
        [0.1870, 0.3816, 0.2400, 0.6174],
        [0.6873, 0.3901, 0.7507, 0.4577],
        [0.4460, 0.4782, 0.5119, 0.7266],
        [0.3830, 0.2642, 0.3987, 0.3331],
        [0.3521, 0.2688, 0.3726, 0.3366],
        [0.2488, 0.3740, 0.2941, 0.6245],
        [0.3372, 0.3480, 0.4017, 0.6714],
        [0.2743, 0.4524, 0.3351, 0.5998],
        [0.3377, 0.3490, 0.3999, 0.5528],
        [0.2500, 0.3737, 0.2951, 0.5337],
        [0.4446, 0.5717, 0.5125, 0.7250]])