6 0.12 0.09555555555555556 0.16 0.13777777777777778
6 0.3111111111111111 0.10888888888888888 0.16 0.18222222222222223
6 0.6644444444444444 0.64 0.17333333333333334 0.12444444444444444
6 0.88 0.9088888888888889 0.21333333333333335 0.15555555555555556
6 0.8933333333333333 0.5177777777777778 0.1511111111111111 0.12
6 0.5044444444444445 0.25333333333333335 0.21777777777777776 0.17777777777777778
6 0.5177777777777778 0.08222222222222222 0.22666666666666666 0.1288888888888889
6 0.7266666666666667 0.1288888888888889 0.15555555555555556 0.17777777777777778
6 0.7088888888888889 0.28444444444444444 0.15555555555555556 0.13333333333333333
6 0.8933333333333333 0.12222222222222222 0.16 0.2
6 0.1 0.3333333333333333 0.15555555555555556 0.29333333333333333
6 0.41333333333333333 0.8177777777777778 0.24888888888888888 0.32
6 0.68 0.8422222222222222 0.1688888888888889 0.25333333333333335
6 0.8866666666666667 0.34444444444444444 0.2 0.22666666666666666
6 0.8644444444444445 0.7066666666666667 0.21777777777777776 0.24
6 0.12666666666666668 0.7422222222222222 0.2 0.4444444444444444